PROLEGOMENON 06va V.

Atque in primis usum dactyli 61 spondei per singulos pedes videamus:

Spondeum habent:

849
664
, 739 118

1
11
111
111
V

1

1 661 1 116
6961 100
vl 1 666 166
vn 1 660 116

17Π11467 84

61 dactylum

, 466 64461664

, 641 1 61661 666

, 416
, 466
, 666
, 466
, 444

1666

Ι666

66161 6661
66641 6661

66, 73
6608

1 6910

-ῌ-Ἣ- --

11849 689

111 739 621
1643
696

IV 761
V 696 1
VI 7691639

VII 666 634

VIII 467 383

4
1

81,16 3871146681 466 1 64,77

6466 664 46,1641416166,46

8449
86, 61
84, 19
82,16
82 01

1 1

333 1 43,76 378
300 43,17 344
336 4627 384
292

191 40,90 2421

1 660

44192 301111

4666 666
4666 466
4466 464
6666 466

666611661 1 6060 416
666
666 1
666 , 4616Ι 606

49,411488

5366 442

6664
6661
6666
6666
6666
6466
6666

1 6617

06
ψ---1-4- Ι

49, 67

6069
46 16208
61, 82 168

1 664 6661 64641666146164 666 1 6466 661 1 6466

29013410

246 3316
266 3496
276 39 71
271 36,1“0 41

32, 00
33 ,83

 

